iter	half_c1	half_c2	half_best	prior_c1	prior_c2	prior_best
1	2.373192	2.499790	2.373192	1.035919	1.070319	1.035919
2	2.289698	2.493234	2.289698	1.012977	1.070319	1.012977
3	2.165794	2.317178	2.165794	1.012977	0.979819	0.979819
4	2.130778	2.317178	2.130778	1.004091	0.979819	0.979819
5	2.056075	2.317178	2.056075	0.961074	0.979819	0.961074
6	2.021809	2.149645	2.021809	0.961074	0.935518	0.935518
7	2.021809	2.103340	2.021809	0.961074	0.934658	0.934658
8	1.909120	1.933359	1.909120	0.959978	0.921964	0.921964
9	1.881540	1.857995	1.857995	0.959978	0.921964	0.921964
10	1.824476	1.804378	1.804378	0.959978	0.920416	0.920416
11	1.824476	1.804378	1.804378	0.959978	0.920416	0.920416
12	1.810903	1.694936	1.694936	0.959978	0.920416	0.920416
13	1.766091	1.668451	1.668451	0.959978	0.920416	0.920416
14	1.766091	1.668451	1.668451	0.959978	0.920416	0.920416
15	1.766091	1.613549	1.613549	0.959978	0.920416	0.920416
16	1.763044	1.519155	1.519155	0.959978	0.920416	0.920416
17	1.690809	1.456051	1.456051	0.959978	0.920416	0.920416
18	1.626153	1.456051	1.456051	0.959978	0.920416	0.920416
19	1.626153	1.409485	1.409485	0.959978	0.920416	0.920416
20	1.626153	1.388658	1.388658	0.959978	0.920416	0.920416
21	1.626153	1.359077	1.359077	0.959978	0.920416	0.920416
22	1.626153	1.303348	1.303348	0.959978	0.920416	0.920416
23	1.626153	1.278213	1.278213	0.959978	0.920416	0.920416
24	1.626153	1.264933	1.264933	0.959978	0.920416	0.920416
25	1.597143	1.264933	1.264933	0.959978	0.920416	0.920416
26	1.591087	1.264933	1.264933	0.959978	0.920416	0.920416
27	1.591087	1.264933	1.264933	0.959978	0.920416	0.920416
28	1.591087	1.264933	1.264933	0.959978	0.920416	0.920416
29	1.591087	1.264933	1.264933	0.959978	0.920416	0.920416
30	1.591087	1.264933	1.264933	0.959978	0.920416	0.920416
31	1.591087	1.264933	1.264933	0.959978	0.920416	0.920416
32	1.591087	1.264933	1.264933	0.959978	0.920416	0.920416
33	1.568671	1.264933	1.264933	0.959978	0.920416	0.920416
34	1.568671	1.262059	1.262059	0.959978	0.920416	0.920416
35	1.499036	1.219017	1.219017	0.959978	0.920416	0.920416
36	1.438496	1.205145	1.205145	0.959978	0.920416	0.920416
37	1.388111	1.196082	1.196082	0.959978	0.920416	0.920416
38	1.371881	1.196082	1.196082	0.959978	0.920416	0.920416
39	1.360494	1.196082	1.196082	0.959978	0.920416	0.920416
40	1.360494	1.174017	1.174017	0.959978	0.920416	0.920416
41	1.360494	1.174017	1.174017	0.959978	0.920416	0.920416
42	1.360494	1.174017	1.174017	0.959978	0.920416	0.920416
43	1.360494	1.174017	1.174017	0.959978	0.920416	0.920416
44	1.360494	1.174017	1.174017	0.959978	0.920416	0.920416
45	1.356203	1.174017	1.174017	0.959978	0.920416	0.920416
46	1.356203	1.174017	1.174017	0.959978	0.920416	0.920416
47	1.340721	1.174017	1.174017	0.959978	0.920416	0.920416
48	1.313384	1.174017	1.174017	0.959978	0.920416	0.920416
49	1.290109	1.174017	1.174017	0.959978	0.920416	0.920416
50	1.266343	1.174017	1.174017	0.959978	0.920416	0.920416
51	1.264861	1.174017	1.174017	0.959978	0.920416	0.920416
52	1.256781	1.174017	1.174017	0.959978	0.920416	0.920416
53	1.253320	1.174017	1.174017	0.959978	0.920416	0.920416
54	1.217642	1.174017	1.174017	0.959978	0.920416	0.920416
55	1.217642	1.174017	1.174017	0.959978	0.920416	0.920416
56	1.217642	1.174017	1.174017	0.959978	0.920416	0.920416
57	1.217642	1.174017	1.174017	0.959978	0.920416	0.920416
58	1.217642	1.174017	1.174017	0.959978	0.920416	0.920416
59	1.217642	1.174017	1.174017	0.959978	0.920416	0.920416
60	1.217642	1.174017	1.174017	0.959978	0.920416	0.920416
61	1.217642	1.174017	1.174017	0.959978	0.920416	0.920416
62	1.217642	1.174017	1.174017	0.959978	0.920416	0.920416
63	1.217642	1.174017	1.174017	0.959978	0.920416	0.920416
64	1.217642	1.174017	1.174017	0.959978	0.920416	0.920416
65	1.217642	1.174017	1.174017	0.959978	0.920416	0.920416
66	1.217642	1.174017	1.174017	0.959978	0.920416	0.920416
67	1.217642	1.174017	1.174017	0.959978	0.920416	0.920416
68	1.217642	1.174017	1.174017	0.959978	0.920416	0.920416
69	1.217642	1.174017	1.174017	0.959978	0.920416	0.920416
70	1.217642	1.174017	1.174017	0.959978	0.920416	0.920416
71	1.217642	1.174017	1.174017	0.959978	0.920416	0.920416
72	1.217642	1.174017	1.174017	0.959978	0.920416	0.920416
73	1.217642	1.174017	1.174017	0.959978	0.920416	0.920416
74	1.217642	1.174017	1.174017	0.959978	0.920416	0.920416
75	1.217642	1.174017	1.174017	0.959978	0.920416	0.920416
76	1.217642	1.174017	1.174017	0.959978	0.920416	0.920416
77	1.217642	1.174017	1.174017	0.959978	0.920416	0.920416
78	1.217642	1.174017	1.174017	0.959978	0.920416	0.920416
79	1.217642	1.174017	1.174017	0.959978	0.920416	0.920416
80	1.217642	1.174017	1.174017	0.959978	0.920416	0.920416
81	1.217642	1.174017	1.174017	0.959978	0.920416	0.920416
82	1.217642	1.174017	1.174017	0.959978	0.920416	0.920416
83	1.217642	1.174017	1.174017	0.959978	0.920416	0.920416
84	1.217642	1.174017	1.174017	0.959978	0.920416	0.920416
85	1.217642	1.174017	1.174017	0.959978	0.920416	0.920416
86	1.217642	1.174017	1.174017	0.959978	0.920416	0.920416
87	1.217642	1.174017	1.174017	0.959978	0.920416	0.920416
88	1.217642	1.174017	1.174017	0.959978	0.920416	0.920416
89	1.217642	1.174017	1.174017	0.959978	0.920416	0.920416
90	1.217642	1.174017	1.174017	0.959978	0.920416	0.920416
91	1.217642	1.174017	1.174017	0.959978	0.920416	0.920416
92	1.217642	1.174017	1.174017	0.959978	0.920416	0.920416
93	1.217642	1.174017	1.174017	0.959978	0.920416	0.920416
94	1.217642	1.174017	1.174017	0.959978	0.920416	0.920416
95	1.217642	1.174017	1.174017	0.959978	0.920416	0.920416
96	1.217642	1.174017	1.174017	0.959978	0.920416	0.920416
97	1.217642	1.174017	1.174017	0.959978	0.920416	0.920416
98	1.217642	1.174017	1.174017	0.959978	0.920416	0.920416
99	1.217642	1.174017	1.174017	0.959978	0.920416	0.920416
100	1.217642	1.174017	1.174017	0.959978	0.920416	0.920416
101	1.217642	1.174017	1.174017	0.959978	0.920416	0.920416
102	1.217642	1.174017	1.174017	0.959978	0.920416	0.920416
103	1.217642	1.174017	1.174017	0.959978	0.920416	0.920416
104	1.217642	1.174017	1.174017	0.959978	0.920416	0.920416
105	1.217642	1.174017	1.174017	0.959978	0.920416	0.920416
106	1.217642	1.174017	1.174017	0.959978	0.920416	0.920416
107	1.217642	1.174017	1.174017	0.959978	0.920416	0.920416
108	1.217642	1.174017	1.174017	0.959978	0.920416	0.920416
109	1.217642	1.174017	1.174017	0.959978	0.920416	0.920416
110	1.217642	1.174017	1.174017	0.959978	0.920416	0.920416
111	1.217642	1.174017	1.174017	0.959978	0.920416	0.920416
112	1.217642	1.174017	1.174017	0.959978	0.920416	0.920416
113	1.217642	1.174017	1.174017	0.959978	0.920416	0.920416
114	1.217642	1.174017	1.174017	0.959978	0.920416	0.920416
115	1.217642	1.174017	1.174017	0.959978	0.920416	0.920416
116	1.217642	1.174017	1.174017	0.959978	0.920416	0.920416
117	1.217642	1.174017	1.174017	0.959978	0.920416	0.920416
118	1.217642	1.174017	1.174017	0.959978	0.920416	0.920416
119	1.217642	1.174017	1.174017	0.959978	0.920416	0.920416
120	1.217642	1.174017	1.174017	0.959978	0.920416	0.920416
121	1.217642	1.174017	1.174017	0.959978	0.920416	0.920416
122	1.217642	1.174017	1.174017	0.959978	0.920416	0.920416
123	1.217642	1.174017	1.174017	0.959978	0.920416	0.920416
124	1.217642	1.174017	1.174017	0.959978	0.920416	0.920416
125	1.217642	1.174017	1.174017	0.959978	0.920416	0.920416
126	1.217642	1.174017	1.174017	0.959978	0.920416	0.920416
127	1.217642	1.174017	1.174017	0.959978	0.920416	0.920416
128	1.217642	1.174017	1.174017	0.959978	0.920416	0.920416
129	1.217642	1.174017	1.174017	0.959978	0.920416	0.920416
130	1.217642	1.174017	1.174017	0.959978	0.920416	0.920416
131	1.217642	1.174017	1.174017	0.959978	0.920416	0.920416
132	1.217642	1.174017	1.174017	0.959978	0.920416	0.920416
133	1.217642	1.174017	1.174017	0.959978	0.920416	0.920416
134	1.217642	1.174017	1.174017	0.959978	0.920416	0.920416
135	1.217642	1.174017	1.174017	0.959978	0.920416	0.920416
136	1.217642	1.174017	1.174017	0.959978	0.920416	0.920416
137	1.217642	1.174017	1.174017	0.959978	0.920416	0.920416
138	1.217642	1.174017	1.174017	0.959978	0.920416	0.920416
139	1.217642	1.174017	1.174017	0.959978	0.920416	0.920416
140	1.217642	1.174017	1.174017	0.959978	0.920416	0.920416
141	1.217642	1.174017	1.174017	0.959978	0.920416	0.920416
142	1.217642	1.174017	1.174017	0.959978	0.920416	0.920416
143	1.217642	1.174017	1.174017	0.959978	0.920416	0.920416
144	1.217642	1.174017	1.174017	0.959978	0.920416	0.920416
145	1.217642	1.174017	1.174017	0.959978	0.920416	0.920416
146	1.217642	1.174017	1.174017	0.959978	0.920416	0.920416
147	1.217642	1.174017	1.174017	0.959978	0.920416	0.920416
148	1.217642	1.174017	1.174017	0.959978	0.920416	0.920416
149	1.217642	1.174017	1.174017	0.959978	0.920416	0.920416
150	1.217642	1.174017	1.174017	0.959978	0.920416	0.920416
151	1.217642	1.174017	1.174017	0.959978	0.920416	0.920416
152	1.217642	1.174017	1.174017	0.959978	0.920416	0.920416
153	1.217642	1.174017	1.174017	0.959978	0.920416	0.920416
154	1.217642	1.174017	1.174017	0.959978	0.920416	0.920416
155	1.217642	1.174017	1.174017	0.959978	0.920416	0.920416
156	1.217642	1.174017	1.174017	0.959978	0.920416	0.920416
157	1.217642	1.174017	1.174017	0.959978	0.920416	0.920416
158	1.217642	1.174017	1.174017	0.959978	0.920416	0.920416
159	1.217642	1.174017	1.174017	0.959978	0.920416	0.920416
160	1.217642	1.174017	1.174017	0.959978	0.920416	0.920416
161	1.217642	1.174017	1.174017	0.959978	0.920416	0.920416
162	1.217642	1.174017	1.174017	0.959978	0.920416	0.920416
163	1.217642	1.174017	1.174017	0.959978	0.920416	0.920416
164	1.217642	1.174017	1.174017	0.959978	0.920416	0.920416
165	1.217642	1.174017	1.174017	0.959978	0.920416	0.920416
166	1.217642	1.174017	1.174017	0.959978	0.920416	0.920416
167	1.217642	1.174017	1.174017	0.959978	0.920416	0.920416
168	1.217642	1.174017	1.174017	0.959978	0.920416	0.920416
169	1.217642	1.174017	1.174017	0.959978	0.920416	0.920416
170	1.217642	1.174017	1.174017	0.959978	0.920416	0.920416
171	1.217642	1.174017	1.174017	0.959978	0.920416	0.920416
172	1.217642	1.174017	1.174017	0.959978	0.920416	0.920416
173	1.217642	1.174017	1.174017	0.959978	0.920416	0.920416
174	1.217642	1.174017	1.174017	0.959978	0.920416	0.920416
175	1.217642	1.174017	1.174017	0.959978	0.920416	0.920416
176	1.217642	1.174017	1.174017	0.959978	0.920416	0.920416
177	1.217642	1.174017	1.174017	0.959978	0.920416	0.920416
178	1.217642	1.174017	1.174017	0.959978	0.920416	0.920416
179	1.217642	1.174017	1.174017	0.959978	0.920416	0.920416
180	1.217642	1.174017	1.174017	0.959978	0.920416	0.920416
181	1.217642	1.174017	1.174017	0.959978	0.920416	0.920416
182	1.217642	1.174017	1.174017	0.959978	0.920416	0.920416
183	1.217642	1.174017	1.174017	0.959978	0.920416	0.920416
184	1.217642	1.174017	1.174017	0.959978	0.920416	0.920416
185	1.217642	1.174017	1.174017	0.959978	0.920416	0.920416
186	1.217642	1.174017	1.174017	0.959978	0.920416	0.920416
187	1.217642	1.174017	1.174017	0.959978	0.920416	0.920416
188	1.217642	1.174017	1.174017	0.959978	0.920416	0.920416
189	1.217642	1.174017	1.174017	0.959978	0.920416	0.920416
190	1.217642	1.174017	1.174017	0.959978	0.920416	0.920416
191	1.217642	1.174017	1.174017	0.959978	0.920416	0.920416
192	1.212719	1.174017	1.174017	0.959978	0.920416	0.920416
193	1.212719	1.174017	1.174017	0.959978	0.920416	0.920416
194	1.212719	1.174017	1.174017	0.959978	0.920416	0.920416
195	1.212719	1.174017	1.174017	0.959978	0.920416	0.920416
196	1.212719	1.174017	1.174017	0.959978	0.920416	0.920416
197	1.212719	1.174017	1.174017	0.959978	0.920416	0.920416
198	1.212719	1.174017	1.174017	0.959978	0.920416	0.920416
199	1.212719	1.174017	1.174017	0.959978	0.920416	0.920416
200	1.212719	1.174017	1.174017	0.959978	0.920416	0.920416
201	1.212719	1.174017	1.174017	0.959978	0.920416	0.920416
202	1.212719	1.174017	1.174017	0.959978	0.920416	0.920416
203	1.212719	1.174017	1.174017	0.959978	0.920416	0.920416
204	1.212719	1.174017	1.174017	0.959978	0.920416	0.920416
205	1.212719	1.174017	1.174017	0.959978	0.920416	0.920416
206	1.212719	1.174017	1.174017	0.959978	0.920416	0.920416
207	1.212719	1.174017	1.174017	0.959978	0.920416	0.920416
208	1.212719	1.174017	1.174017	0.959978	0.920416	0.920416
209	1.212719	1.174017	1.174017	0.959978	0.920416	0.920416
210	1.208828	1.174017	1.174017	0.959978	0.920416	0.920416
211	1.204323	1.174017	1.174017	0.959978	0.920416	0.920416
212	1.204323	1.174017	1.174017	0.959978	0.920416	0.920416
213	1.201518	1.174017	1.174017	0.959978	0.920416	0.920416
214	1.194097	1.174017	1.174017	0.959978	0.920416	0.920416
215	1.194097	1.174017	1.174017	0.959978	0.920416	0.920416
216	1.187451	1.174017	1.174017	0.959978	0.920416	0.920416
217	1.185140	1.174017	1.174017	0.959978	0.920416	0.920416
218	1.168389	1.174017	1.168389	0.959978	0.920416	0.920416
219	1.168389	1.174017	1.168389	0.959978	0.920416	0.920416
220	1.165509	1.174017	1.165509	0.959978	0.920416	0.920416
221	1.156824	1.174017	1.156824	0.959978	0.920416	0.920416
222	1.156824	1.174017	1.156824	0.959978	0.920416	0.920416
223	1.156824	1.174017	1.156824	0.959978	0.920416	0.920416
224	1.156824	1.174017	1.156824	0.959978	0.920416	0.920416
225	1.156824	1.174017	1.156824	0.959978	0.920416	0.920416
226	1.156824	1.174017	1.156824	0.959978	0.920416	0.920416
227	1.156824	1.174017	1.156824	0.959978	0.920416	0.920416
228	1.156824	1.174017	1.156824	0.959978	0.920416	0.920416
229	1.156824	1.174017	1.156824	0.959978	0.920416	0.920416
230	1.156824	1.174017	1.156824	0.959978	0.920416	0.920416
231	1.156824	1.174017	1.156824	0.959978	0.920416	0.920416
232	1.156824	1.174017	1.156824	0.959978	0.920416	0.920416
233	1.156824	1.174017	1.156824	0.959978	0.920416	0.920416
234	1.156824	1.174017	1.156824	0.959978	0.920416	0.920416
235	1.156824	1.174017	1.156824	0.959978	0.920416	0.920416
236	1.156824	1.174017	1.156824	0.959978	0.920416	0.920416
237	1.156824	1.174017	1.156824	0.959978	0.920416	0.920416
238	1.156824	1.174017	1.156824	0.959978	0.920416	0.920416
239	1.156824	1.174017	1.156824	0.959978	0.920416	0.920416
240	1.156824	1.174017	1.156824	0.959978	0.920416	0.920416
241	1.156824	1.174017	1.156824	0.959978	0.920416	0.920416
242	1.156824	1.174017	1.156824	0.959978	0.920416	0.920416
243	1.156824	1.174017	1.156824	0.959978	0.920416	0.920416
244	1.156824	1.174017	1.156824	0.959978	0.920416	0.920416
245	1.156824	1.174017	1.156824	0.959978	0.920416	0.920416
246	1.156824	1.174017	1.156824	0.959978	0.920416	0.920416
247	1.156824	1.174017	1.156824	0.959978	0.920416	0.920416
248	1.156824	1.174017	1.156824	0.959978	0.920416	0.920416
249	1.156824	1.174017	1.156824	0.959978	0.920416	0.920416
250	1.156824	1.174017	1.156824	0.959978	0.920416	0.920416
251	1.156824	1.174017	1.156824	0.959978	0.920416	0.920416
252	1.156824	1.174017	1.156824	0.959978	0.920416	0.920416
253	1.156824	1.174017	1.156824	0.959978	0.920416	0.920416
254	1.156824	1.174017	1.156824	0.959978	0.920416	0.920416
255	1.156824	1.174017	1.156824	0.959978	0.920416	0.920416
256	1.156824	1.174017	1.156824	0.959978	0.920416	0.920416
257	1.156824	1.174017	1.156824	0.959978	0.920416	0.920416
258	1.156824	1.173973	1.156824	0.959978	0.920416	0.920416
259	1.156824	1.173973	1.156824	0.959978	0.920416	0.920416
260	1.156824	1.173973	1.156824	0.959978	0.920416	0.920416
261	1.156824	1.172591	1.156824	0.959978	0.920416	0.920416
262	1.156824	1.172591	1.156824	0.959978	0.920416	0.920416
263	1.153800	1.171580	1.153800	0.959978	0.920416	0.920416
264	1.151440	1.171576	1.151440	0.959978	0.920416	0.920416
265	1.151440	1.171576	1.151440	0.959978	0.920416	0.920416
266	1.147151	1.171576	1.147151	0.959978	0.920416	0.920416
267	1.147151	1.171576	1.147151	0.959978	0.920416	0.920416
268	1.147151	1.171576	1.147151	0.959978	0.920416	0.920416
269	1.147151	1.169637	1.147151	0.959978	0.920416	0.920416
270	1.147151	1.169637	1.147151	0.959978	0.920416	0.920416
271	1.147151	1.169637	1.147151	0.959978	0.920416	0.920416
272	1.147151	1.169637	1.147151	0.959978	0.920416	0.920416
273	1.147151	1.164030	1.147151	0.959978	0.920416	0.920416
274	1.147151	1.163054	1.147151	0.959978	0.920416	0.920416
275	1.145600	1.154390	1.145600	0.959978	0.920416	0.920416
276	1.140700	1.154390	1.140700	0.959978	0.920416	0.920416
277	1.140700	1.154390	1.140700	0.959978	0.920416	0.920416
278	1.140700	1.154390	1.140700	0.959978	0.920416	0.920416
279	1.140017	1.154390	1.140017	0.959978	0.920416	0.920416
280	1.140017	1.154390	1.140017	0.959978	0.920416	0.920416
281	1.140017	1.154390	1.140017	0.959978	0.920416	0.920416
282	1.140017	1.154390	1.140017	0.959978	0.920416	0.920416
283	1.140017	1.154390	1.140017	0.959978	0.920416	0.920416
284	1.135371	1.154390	1.135371	0.959978	0.920416	0.920416
285	1.134404	1.154390	1.134404	0.959978	0.920416	0.920416
286	1.134404	1.145232	1.134404	0.959978	0.920416	0.920416
287	1.134404	1.145232	1.134404	0.959978	0.920416	0.920416
288	1.134404	1.145232	1.134404	0.959978	0.920416	0.920416
289	1.134404	1.143469	1.134404	0.959978	0.920416	0.920416
290	1.134234	1.143469	1.134234	0.959978	0.920416	0.920416
291	1.134234	1.143469	1.134234	0.959978	0.920416	0.920416
292	1.134234	1.143469	1.134234	0.959978	0.920416	0.920416
293	1.134234	1.138088	1.134234	0.959978	0.920416	0.920416
294	1.134234	1.138088	1.134234	0.959978	0.920416	0.920416
295	1.134234	1.138088	1.134234	0.959978	0.920416	0.920416
296	1.133662	1.132311	1.132311	0.959978	0.920416	0.920416
297	1.133662	1.132311	1.132311	0.959978	0.920416	0.920416
298	1.133662	1.129898	1.129898	0.959978	0.920416	0.920416
299	1.130563	1.129898	1.129898	0.959978	0.920416	0.920416
300	1.128437	1.129898	1.128437	0.959978	0.920416	0.920416
301	1.128437	1.124007	1.124007	0.959978	0.920416	0.920416
302	1.123809	1.124007	1.123809	0.959978	0.920416	0.920416
303	1.122980	1.118455	1.118455	0.959978	0.920416	0.920416
304	1.122980	1.116248	1.116248	0.959978	0.920416	0.920416
305	1.122980	1.116062	1.116062	0.959978	0.920416	0.920416
306	1.122980	1.116062	1.116062	0.959978	0.920416	0.920416
307	1.122980	1.108499	1.108499	0.959978	0.920416	0.920416
308	1.122980	1.108499	1.108499	0.959978	0.920416	0.920416
309	1.122677	1.102172	1.102172	0.959978	0.920416	0.920416
310	1.121820	1.097261	1.097261	0.959978	0.920416	0.920416
311	1.119998	1.093741	1.093741	0.959978	0.920416	0.920416
312	1.119998	1.092514	1.092514	0.959978	0.920416	0.920416
313	1.117538	1.092514	1.092514	0.959978	0.920416	0.920416
314	1.115190	1.092514	1.092514	0.959978	0.920416	0.920416
315	1.115190	1.092514	1.092514	0.959978	0.920416	0.920416
316	1.115190	1.092514	1.092514	0.959978	0.920416	0.920416
317	1.115190	1.092514	1.092514	0.959978	0.920416	0.920416
318	1.113975	1.092514	1.092514	0.959978	0.920416	0.920416
319	1.113975	1.092149	1.092149	0.959978	0.920416	0.920416
320	1.106971	1.086398	1.086398	0.959978	0.920416	0.920416
321	1.102792	1.085985	1.085985	0.959978	0.920416	0.920416
322	1.099723	1.085985	1.085985	0.959978	0.920416	0.920416
323	1.099723	1.085985	1.085985	0.959978	0.920416	0.920416
324	1.099723	1.079338	1.079338	0.959978	0.920416	0.920416
325	1.096330	1.077838	1.077838	0.959978	0.920416	0.920416
326	1.096330	1.077838	1.077838	0.959978	0.920416	0.920416
327	1.096330	1.077463	1.077463	0.959978	0.920416	0.920416
328	1.096330	1.077463	1.077463	0.959978	0.920416	0.920416
329	1.096330	1.074829	1.074829	0.959978	0.920416	0.920416
330	1.096330	1.074829	1.074829	0.959978	0.920416	0.920416
331	1.090460	1.074829	1.074829	0.959978	0.920416	0.920416
332	1.090460	1.066664	1.066664	0.959978	0.920416	0.920416
333	1.090460	1.066664	1.066664	0.959978	0.920416	0.920416
334	1.089875	1.066664	1.066664	0.959978	0.920416	0.920416
335	1.089875	1.066664	1.066664	0.959978	0.920416	0.920416
336	1.089875	1.066194	1.066194	0.959978	0.920416	0.920416
337	1.089875	1.066194	1.066194	0.959978	0.920416	0.920416
338	1.089857	1.057844	1.057844	0.959978	0.920416	0.920416
339	1.086740	1.057844	1.057844	0.959978	0.920416	0.920416
340	1.086740	1.057844	1.057844	0.959978	0.920416	0.920416
341	1.086740	1.052812	1.052812	0.959978	0.920416	0.920416
342	1.083756	1.050842	1.050842	0.959978	0.920416	0.920416
343	1.078277	1.050842	1.050842	0.959978	0.920416	0.920416
344	1.074336	1.050842	1.050842	0.959978	0.920416	0.920416
345	1.074000	1.049406	1.049406	0.959978	0.920416	0.920416
346	1.074000	1.049406	1.049406	0.959978	0.920416	0.920416
347	1.074000	1.049406	1.049406	0.959978	0.920416	0.920416
348	1.074000	1.049406	1.049406	0.959978	0.920416	0.920416
349	1.074000	1.049406	1.049406	0.959978	0.920416	0.920416
350	1.074000	1.049406	1.049406	0.959978	0.920416	0.920416
351	1.074000	1.049406	1.049406	0.959978	0.920416	0.920416
352	1.074000	1.049406	1.049406	0.959978	0.920416	0.920416
353	1.074000	1.049406	1.049406	0.959978	0.920416	0.920416
354	1.074000	1.049406	1.049406	0.959978	0.920416	0.920416
355	1.074000	1.049406	1.049406	0.959978	0.920416	0.920416
356	1.074000	1.049406	1.049406	0.959978	0.920416	0.920416
357	1.074000	1.049406	1.049406	0.959978	0.920416	0.920416
358	1.074000	1.049353	1.049353	0.959978	0.920416	0.920416
359	1.074000	1.049353	1.049353	0.959978	0.920416	0.920416
360	1.074000	1.049353	1.049353	0.959978	0.920416	0.920416
361	1.072484	1.049353	1.049353	0.959978	0.920416	0.920416
362	1.072484	1.049353	1.049353	0.959978	0.920416	0.920416
363	1.072484	1.049353	1.049353	0.959978	0.920416	0.920416
364	1.071506	1.049353	1.049353	0.959978	0.920416	0.920416
365	1.071506	1.049353	1.049353	0.959978	0.920416	0.920416
366	1.071506	1.049353	1.049353	0.959978	0.920416	0.920416
367	1.071506	1.046136	1.046136	0.959978	0.920416	0.920416
368	1.071506	1.046136	1.046136	0.959978	0.920416	0.920416
369	1.071506	1.045922	1.045922	0.959978	0.920416	0.920416
370	1.071506	1.045922	1.045922	0.959978	0.920416	0.920416
371	1.071506	1.045922	1.045922	0.959978	0.920416	0.920416
372	1.071506	1.045922	1.045922	0.959978	0.920416	0.920416
373	1.071506	1.045922	1.045922	0.959978	0.920416	0.920416
374	1.071506	1.045922	1.045922	0.959978	0.920416	0.920416
375	1.071506	1.045922	1.045922	0.959978	0.920416	0.920416
376	1.071506	1.043565	1.043565	0.959978	0.920416	0.920416
377	1.071506	1.043565	1.043565	0.959978	0.920416	0.920416
378	1.064226	1.043565	1.043565	0.959978	0.920416	0.920416
379	1.064226	1.043565	1.043565	0.959978	0.920416	0.920416
380	1.064226	1.043565	1.043565	0.959978	0.920416	0.920416
381	1.062211	1.043565	1.043565	0.959978	0.920416	0.920416
382	1.062211	1.043565	1.043565	0.959978	0.920416	0.920416
383	1.062211	1.043565	1.043565	0.959978	0.920416	0.920416
384	1.062211	1.043565	1.043565	0.959978	0.920416	0.920416
385	1.062211	1.043565	1.043565	0.959978	0.920416	0.920416
386	1.062211	1.043565	1.043565	0.959978	0.920416	0.920416
387	1.062211	1.043565	1.043565	0.959978	0.920416	0.920416
388	1.060025	1.043565	1.043565	0.959978	0.920416	0.920416
389	1.060025	1.043565	1.043565	0.959978	0.920416	0.920416
390	1.060025	1.043565	1.043565	0.959978	0.920416	0.920416
391	1.060025	1.043565	1.043565	0.959978	0.920416	0.920416
392	1.060025	1.043565	1.043565	0.959978	0.920416	0.920416
393	1.052102	1.043565	1.043565	0.959978	0.920416	0.920416
394	1.049335	1.043565	1.043565	0.959978	0.920416	0.920416
395	1.049335	1.043565	1.043565	0.959978	0.920416	0.920416
396	1.046652	1.043565	1.043565	0.959978	0.920416	0.920416
397	1.046652	1.043565	1.043565	0.959978	0.920416	0.920416
398	1.046652	1.043565	1.043565	0.959978	0.920416	0.920416
399	1.041581	1.043565	1.041581	0.959978	0.920416	0.920416
400	1.041581	1.040211	1.040211	0.959978	0.920416	0.920416
